0 54 16
1 48 30
2 69 65
3 3 65
4 38 32
5 14 10
6 24 51
7 35 48
8 62 44
9 19 12
10 68 57
11 63 52
12 13 69
13 11 23
14 32 15
15 69 46
16 40 65
17 17 45
18 4 2
19 27 52
20 68 29
21 33 44
22 4 66
23 47 6
24 36 9
25 66 50
26 19 63
27 58 67
28 49 43
29 11 4
30 31 37
31 51 9
32 19 69
33 55 34
34 64 40
35 9 10
36 59 20
37 3 33
38 56 39
39 34 45
40 5 39
41 24 16
42 13 19
43 17 41
44 63 8
45 64 64
46 15 25
47 9 37
48 58 57
49 15 37
50 59 7
51 7 27
52 8 59
53 41 53
54 64 27
55 53 30
56 36 17
57 16 48
58 18 45
59 50 13
60 10 7
61 33 3
62 45 29
63 33 6
64 57 12
65 7 60
66 18 66
67 57 15
68 18 69
69 31 60
